-89.741411               30.168959
-89.738921               30.166878
-89.736205               30.165248
-89.731521               30.158436
-89.724818               30.156065
-89.720539               30.155041
-89.717668               30.154710
-89.715146               30.155159
-89.711992               30.155841
-89.708443               30.156921
-89.706078               30.158114
-89.700820               30.160500
-89.695366               30.163796
-89.691883               30.166523
-89.691226               30.166978
-89.691094               30.168909
-89.690263               30.172198
-89.688163               30.172925
-89.686823               30.173341
-89.685046               30.172231
-89.675322               30.168225
-89.667667               30.164300
-89.663079               30.160925
-89.660850               30.158631
-89.656538               30.155966
-89.643051               30.154916
-89.635924               30.153954
-89.634265               30.152606
-89.632745               30.151312
-89.632770               30.144372
-89.640445               30.140792
-89.647263               30.131620
-89.653565               30.118206
-89.669358               30.110947
-89.676519               30.109270
-89.679241               30.106533
-89.680564               30.099692
-89.683998               30.082525
-89.684685               30.078160
-89.688633               30.076738
-89.699423               30.073501
-89.709502               30.071196
-89.719528               30.067450
-89.724878               30.064697
-89.729905               30.060111
-89.731239               30.053813
-89.730592               30.045275
-89.726742               30.039757
-89.725099               30.035294
-89.721028               30.033038
-89.720366               30.027667
-89.727943               30.022910
-89.732872               30.024528
-89.736649               30.028133
-89.741014               30.031910
-89.745158               30.035049
-89.748641               30.036790
-89.755299               30.039990
-89.759087               30.041498
-89.764654               30.045839
-89.773580               30.052313
-89.774390               30.054765
-89.778828               30.060160
-89.783463               30.064771
-89.786210               30.065727
-89.789275               30.065531
-89.792120               30.064795
-89.796583               30.063569
-89.797785               30.064133
-89.799894               30.066806
-89.802780               30.068187
-89.803670               30.069013
-89.804210               30.070779
-89.803118               30.072242
-89.800114               30.072961
-89.797834               30.074187
-89.795847               30.076002
-89.793624               30.079058
-89.792659               30.080956
-89.791507               30.083604
-89.789422               30.085836
-89.787828               30.087356
-89.787068               30.090103
-89.786823               30.091599
-89.788151               30.093745
-89.789751               30.095353
-89.791553               30.096263
-89.795138               30.096338
-89.799226               30.096449
-89.800545               30.097062
-89.808589               30.097935
-89.810725               30.098660
-89.807809               30.098734
-89.806248               30.099292
-89.802867               30.100425
-89.798965               30.101874
-89.792147               30.105367
-89.789825               30.106816
-89.788636               30.107837
-89.786778               30.110438
-89.784345               30.113578
-89.780999               30.117812
-89.772901               30.126044
-89.768349               30.130131
-89.761196               30.133345
-89.756440               30.140070
-89.754100               30.141371
-89.751942               30.142308
-89.748582               30.144418
-89.746928               30.147799
-89.744736               30.151421
-89.743436               30.153391
-89.743975               30.156772
-89.744254               30.159901
-89.745832               30.163441
-89.746619               30.165423
-89.745962               30.168290
-89.745517               30.170241
-89.744049               30.170613
-89.741374               30.168885