-90.592325612862        30.1915411813139
-90.586244612862        30.1815401813139
-90.577711612862        30.1763121813139
-90.569052612862        30.1722541813139
-90.556778612862        30.1706071813139
-90.546558612862        30.1694541813139
-90.533672612862        30.1700311813139
-90.522453612862        30.1708321813139
-90.513292612862        30.1719191813139
-90.500569612862        30.1725281813139
-90.489240612862        30.1763951813139
-90.479368612862        30.1797421813139
-90.462720612862        30.1877731813139
-90.455024612862        30.1944211813139
-90.449878612862        30.2039611813139
-90.440592612862        30.2150461813139
-90.431963612862        30.2259471813139
-90.428332612862        30.2379721813139
-90.426974612862        30.2472491813139
-90.425625612862        30.2523911813139
-90.424904612862        30.2561481813139
-90.418776612862        30.2655971813139
-90.416556612862        30.2696761813139
-90.407942612862        30.2719151813139
-90.403729612862        30.2754631813139
-90.400637612862        30.2790311813139
-90.399062612862        30.2819531813139
-90.397050612862        30.2831291813139
-90.393768612862        30.2832621813139
-90.390485612862        30.2834701813139
-90.387412612862        30.2852351813139
-90.385284612862        30.2856091813139
-90.383731612862        30.2853491813139
-90.381670612862        30.2845871813139
-90.378930612862        30.2829771813139
-90.376807612862        30.2825441813139
-90.373915612862        30.2823171813139
-90.372100612862        30.2825601813139
-90.369197612862        30.2837931813139
-90.367811612862        30.2845331813139
-90.365516612862        30.2863361813139
-90.361588612862        30.2890111813139
-90.358307580482        30.2913339652605
-90.355023612862        30.2926541813139
-90.349900612862        30.2952151813139
-90.347794612862        30.2956521813139
-90.346447612862        30.2958791813139
-90.342700612862        30.2949151813139
-90.338889612862        30.2943471813139
-90.336144612862        30.2940771813139
-90.333639612862        30.2941911813139
-90.330452612862        30.2945701813139
-90.326752612862        30.2956141813139
-90.324342612862        30.2965441813139
-90.322407612862        30.2977391813139
-90.320965612862        30.2981561813139
-90.319314612862        30.2975111813139
-90.316545612862        30.2954821813139
-90.314153612862        30.2939041813139
-90.313047764799        30.292524072893
-90.313801612862        30.2892391813139
-90.317365612862        30.2870831813139
-90.323129612862        30.2804831813139
-90.327266612862        30.2743221813139
-90.332106612862        30.2672381813139
-90.339191612862        30.2563251813139
-90.355296612862        30.2412761813139
-90.372721612862        30.2327391813139
-90.387726612862        30.2256981813139
-90.405680612862        30.2160181813139
-90.414965612862        30.2047091813139
-90.427109612862        30.1834551813139
-90.432258612862        30.1653701813139
-90.433622612862        30.1499251813139
-90.432434612862        30.1352271813139
-90.428166612862        30.1161741813139
-90.420391612862        30.0984211813139
-90.418227612862        30.0939661813139
-90.414973612862        30.0900661813139
-90.411865612862        30.0867591813139
-90.407229612862        30.0818551813139
-90.403881612862        30.0788601813139
-90.401486612862        30.0767221813139
-90.404651612862        30.0727871813139
-90.405820612862        30.0710761813139
-90.407360612862        30.0693081813139
-90.409954612862        30.0662001813139
-90.413034612862        30.0626641813139
-90.416655612862        30.0590711813139
-90.419849612862        30.0554211813139
-90.422985612862        30.0519141813139
-90.426892612862        30.0475231813139
-90.430114612862        30.0438451813139
-90.433621612862        30.0400521813139
-90.437243612862        30.0360601813139
-90.440436612862        30.0323821813139
-90.443402612862        30.0290741813139
-90.446110612862        30.0258521813139
-90.448905612862        30.0229151813139
-90.451186612862        30.0205491813139
-90.451728612862        30.0176691813139
-90.452298612862        30.0147601813139
-90.452840612862        30.0114811813139
-90.453496612862        30.0081161813139
-90.454177612862        30.0039571813139
-90.458797612862        29.9897661813139
-90.453221612862        29.9890261813139
-90.449472612862        29.9888291813139
-90.443897612862        29.9883351813139
-90.438272612862        29.9877431813139
-90.431957612862        29.9873981813139
-90.430703612862        29.9939551813139
-90.428356612862        30.0024221813139
-90.427171612862        30.0054271813139
-90.426140612862        30.0080151813139
-90.423508612862        30.0098801813139
-90.420108612862        30.0124461813139
-90.417146612862        30.0147131813139
-90.415160612862        30.0161201813139
-90.413093612862        30.0175851813139
-90.410249612862        30.0195991813139
-90.407149612862        30.0217961813139
-90.404378612862        30.0237581813139
-90.401755612862        30.0256161813139
-90.398778612862        30.0277251813139
-90.395593612862        30.0299821813139
-90.393002612862        30.0329561813139
-90.390332612862        30.0360231813139
-90.387954612862        30.0387531813139
-90.386356612862        30.0405881813139
-90.384751612862        30.0424311813139
-90.382781612862        30.0446931813139
-90.380513612862        30.0472971813139
-90.378833612862        30.0492251813139
-90.377459612862        30.0504751813139
-90.375994612862        30.0521421813139
-90.373418612862        30.0535571813139
-90.370993612862        30.0552241813139
-90.368215612862        30.0571431813139
-90.363719612862        30.0568401813139
-90.358566612862        30.0564871813139
-90.353464612862        30.0559811813139
-90.348412612862        30.0555271813139
-90.342780612862        30.0552311813139
-90.337799612862        30.0546891813139
-90.329469612862        30.0553251813139
-90.316183612862        30.0560321813139
-90.294512612862        30.0535061813139
-90.259454612862        30.0488591813139
-90.233995612862        30.0419891813139
-90.204024612862        30.0291011813139
-90.176858612862        30.0230281813139
-90.155856612862        30.0206081813139
-90.133575612862        30.0216581813139
-90.125540612862        30.0239871813139
-90.120746612862        30.0259501813139
-90.111523612862        30.0286441813139
-90.105537612862        30.0287541813139
-90.077234612862        30.0320231813139
-90.054086612862        30.0352191813139
-90.036600612862        30.0367251813139
-90.032947612862        30.0392821813139
-90.029979612862        30.0467701813139
-90.025368612862        30.0487331813139
-90.016876612862        30.0444411813139
-90.007105612862        30.0418851813139
-89.997517612862        30.0439391813139
-89.983592612862        30.0501031813139
-89.963822612862        30.0612431813139
-89.945970612862        30.0742551813139
-89.930264612862        30.0874051813139
-89.919124612862        30.1005541813139
-89.882819612862        30.1464591813139
-89.874648612862        30.1510441813139
-89.865666612862        30.1542881813139
-89.857900612862        30.1517931813139
-89.860108612862        30.1339231813139
-89.849230612862        30.1146171813139
-89.843889612862        30.1068271813139
-89.837446612862        30.0999081813139
-89.833166612862        30.0971801813139
-89.826748612862        30.0981121813139
-89.824707612862        30.0986381813139
-89.821292612862        30.0995271813139
-89.816346612862        30.0940491813139
-89.811167612862        30.0929591813139
-89.803810612862        30.0930391813139
-89.797646612862        30.0924941813139
-89.792836612862        30.0920291813139
-89.790775612862        30.0907761813139
-89.791058612862        30.0891591813139
-89.794191612862        30.0856431813139
-89.796919612862        30.0791961813139
-89.799263612862        30.0767501813139
-89.802335612862        30.0758411813139
-89.804639612862        30.0749521813139
-89.806660612862        30.0743251813139
-89.808468612862        30.0721241813139
-89.808378612862        30.0704651813139
-89.808257612862        30.0683231813139
-89.804861612862        30.0653931813139
-89.800456612862        30.0619771813139
-89.797950612862        30.0595121813139
-89.795423612862        30.0596331813139
-89.791887612862        30.0606841813139
-89.789366612862        30.0611221813139
-89.785558612862        30.0609301813139
-89.782980612862        30.0578141813139
-89.780480612862        30.0539291813139
-89.778826612862        30.0505051813139
-89.777381940306        30.0475321925208
-89.777980612862        30.0451591813139
-89.782827612862        30.0465821813139
-89.786904612862        30.0469671813139
-89.798751612862        30.0469281813139
-89.805621612862        30.0465221813139
-89.811590612862        30.0458681813139
-89.817623612862        30.0442971813139
-89.824429612862        30.0398981813139
-89.830317612862        30.0364641813139
-89.837950612862        30.0286461813139
-89.848716612862        30.0170021813139
-89.856994612862        30.0046791813139
-89.854849612862        29.9929601813139
-89.853131612862        29.9847011813139
-89.851169612862        29.9756241813139
-89.849206612862        29.9682651813139
-89.845690612862        29.9591881813139
-89.838249612862        29.9452861813139
-89.832537612862        29.9414601813139
-89.823366612862        29.9356371813139
-89.813758612862        29.9331571813139
-89.807036612862        29.9318391813139
-89.791719612862        29.9321211813139
-89.778799612862        29.9348191813139
-89.761709612862        29.9412791813139
-89.744558612862        29.9467281813139
-89.734723612862        29.9517461813139
-89.726382612862        29.9543631813139
-89.720331612862        29.9495391813139
-89.723602612862        29.9430781813139
-89.733251612862        29.9389081813139
-89.746120612862        29.9325161813139
-89.747838612862        29.9248531813139
-89.746989612862        29.9166661813139
-89.742996612862        29.9047631813139
-89.732597612862        29.8976941813139
-89.720577612862        29.8884541813139
-89.706593612862        29.8766781813139
-89.689784612862        29.8692011813139
-89.668662612862        29.8639461813139
-89.649821612862        29.8603541813139
-89.627343612862        29.8627171813139
-89.605405612862        29.8709521813139
-89.592378612862        29.8847891813139
-89.591298612862        29.9038241813139
-89.589475612862        29.9190791813139
-89.584615612862        29.9269771813139
-89.581105612862        29.9345371813139
-89.580363612862        29.9457421813139
-89.574895612862        29.9545851813139
-89.571790612862        29.9632251813139
-89.572465612862        29.9769951813139
-89.573478612862        29.9831371813139
-89.576650612862        29.9909671813139
-89.570913612862        29.9958951813139
-89.561213612862        29.9980271813139
-89.534462612862        30.0130401813139
-89.521570612862        30.0216131813139
-89.512592612862        30.0266751813139
-89.502197612862        30.0334251813139
-89.494502612862        30.0397701813139
-89.493191612862        30.0492411813139
-89.494165612862        30.0592781813139
-89.490722612862        30.0685931813139
-89.485361480147        30.0780494801893
-89.477277761279        30.077147613492
-89.476491424674        30.1014481261687
-89.482361299663        30.1484108628817
-89.487937680903        30.1849501762045
-89.516875612862        30.1829511813139
-89.522864612862        30.1838551813139
-89.526592612862        30.1890311813139
-89.530276612862        30.1926241813139
-89.533486612862        30.1960141813139
-89.536853612862        30.1956981813139
-89.540107612862        30.1953131813139
-89.543723612862        30.1947711813139
-89.546315612862        30.1945591813139
-89.550029612862        30.1919011813139
-89.554775612862        30.1881271813139
-89.556221612862        30.1872451813139
-89.558910612862        30.1862961813139
-89.563860612862        30.1843751813139
-89.567552097946        30.1833349804554
-89.571934612862        30.1834851813139
-89.574326612862        30.1863941813139
-89.577324612862        30.1867971813139
-89.580765612862        30.1892571813139
-89.583340612862        30.1927361813139
-89.584935612862        30.1966761813139
-89.586048612862        30.1983511813139
-89.588807612862        30.2069571813139
-89.594673612862        30.2057421813139
-89.590432612862        30.1963881813139
-89.588710612862        30.1929321813139
-89.586138612862        30.1890081813139
-89.582959612862        30.1861431813139
-89.582169612862        30.1850901813139
-89.583117612862        30.1845101813139
-89.585220612862        30.1840371813139
-89.591913612862        30.1827191813139
-89.598340612862        30.1813501813139
-89.603185612862        30.1798751813139
-89.605187612862        30.1792951813139
-89.606978612862        30.1774521813139
-89.608664612862        30.1755561813139
-89.611034612862        30.1728691813139
-89.613566612862        30.1715201813139
-89.616048612862        30.1701681813139
-89.619194612862        30.1686941813139
-89.621455612862        30.1675881813139
-89.624744612862        30.1657401813139
-89.628852612862        30.1631151813139
-89.632292612862        30.1611001813139
-89.637945612862        30.1617141813139
-89.645244612862        30.1623041813139
-89.651609612862        30.1619601813139
-89.656702612862        30.1653901813139
-89.659809612862        30.1680761813139
-89.667236612862        30.1720271813139
-89.674363612862        30.1752961813139
-89.677917612862        30.1767651813139
-89.683658612862        30.1785771813139
-89.687280612862        30.1788841813139
-89.692645612862        30.1779611813139
-89.694982612862        30.1765221813139
-89.697156612862        30.1761501813139
-89.699138612862        30.1752621813139
-89.701828612862        30.1732861813139
-89.702726612862        30.1727331813139
-89.706451612862        30.1717421813139
-89.709902612862        30.1708881813139
-89.712978612862        30.1688721813139
-89.715746612862        30.1689401813139
-89.718992612862        30.1702041813139
-89.720188612862        30.1709901813139
-89.723469612862        30.1728701813139
-89.726510612862        30.1745101813139
-89.729176612862        30.1763901813139
-89.733413612862        30.1784061813139
-89.735259612862        30.1788771813139
-89.737855612862        30.1797731813139
-89.739496612862        30.1804561813139
-89.742435612862        30.1816521813139
-89.745476612862        30.1827111813139
-89.747800612862        30.1825061813139
-89.749508612862        30.1819601813139
-89.751149612862        30.1814471813139
-89.752960612862        30.1810031813139
-89.756411612862        30.1811051813139
-89.759350612862        30.1890681813139
-89.762606612862        30.1948081813139
-89.775496612862        30.2031941813139
-89.799975612862        30.2149391813139
-89.810979612862        30.2184011813139
-89.822847612862        30.2203791813139
-89.830893612862        30.2236301813139
-89.838054612862        30.2260661813139
-89.848192612862        30.2285381813139
-89.865413612862        30.2510561813139
-89.876874612862        30.2525231813139
-89.895423612862        30.2579491813139
-89.916807612862        30.2533881813139
-89.932261612862        30.2531411813139
-89.939061612862        30.2572211813139
-89.949075612862        30.2609301813139
-89.961191612862        30.2634021813139
-89.979488612862        30.2600641813139
-89.985422612862        30.2661221813139
-89.983815612862        30.2753951813139
-89.986535612862        30.2941871813139
-89.995560612862        30.3065501813139
-90.007808612862        30.3157121813139
-90.017608612862        30.3202241813139
-90.035790612862        30.3253921813139
-90.045709612862        30.3363951813139
-90.056740612862        30.3470851813139
-90.083003612862        30.3604241813139
-90.089866612862        30.3636351813139
-90.094488612862        30.3648821813139
-90.101753612862        30.3659191813139
-90.107980612862        30.3665821813139
-90.111803612862        30.3669491813139
-90.118007612862        30.3683451813139
-90.122449612862        30.3685741813139
-90.126840612862        30.3696211813139
-90.132911612862        30.3691241813139
-90.135727612862        30.3716191813139
-90.139165612862        30.3736121813139
-90.142747612862        30.3746311813139
-90.146411612862        30.3756991813139
-90.148414612862        30.3763371813139
-90.149675612862        30.3763661813139
-90.152300612862        30.3761441813139
-90.154748612862        30.3782361813139
-90.156617612862        30.3786951813139
-90.156261612862        30.3800901813139
-90.156350612862        30.3809801813139
-90.156261612862        30.3817661813139
-90.156247612862        30.3824191813139
-90.156009612862        30.3832051813139
-90.155734612862        30.3845921813139
-90.155064612862        30.3859151813139
-90.153641612862        30.3877881813139
-90.151173612862        30.3900071813139
-90.152924612862        30.3919671813139
-90.154795612862        30.3897781813139
-90.157999612862        30.3868531813139
-90.159352612862        30.3848231813139
-90.159720612862        30.3836591813139
-90.159989612862        30.3827931813139
-90.160088612862        30.3817191813139
-90.160407612862        30.3808931813139
-90.160934612862        30.3803261813139
-90.161511612862        30.3796691813139
-90.162018612862        30.3790921813139
-90.162436612862        30.3788231813139
-90.163153612862        30.3787141813139
-90.163906612862        30.3785801813139
-90.164869612862        30.3785801813139
-90.166260612862        30.3790881813139
-90.167383612862        30.3796881813139
-90.169640612862        30.3805941813139
-90.173237612862        30.3807701813139
-90.176994612862        30.3809071813139
-90.180554612862        30.3821411813139
-90.183469612862        30.3842601813139
-90.186168612862        30.3868531813139
-90.189117612862        30.3886281813139
-90.195014612862        30.3893971813139
-90.201734612862        30.3884501813139
-90.212705612862        30.3846651813139
-90.222168612862        30.3795181813139
-90.232399612862        30.3724091813139
-90.240500612862        30.3667061813139
-90.246717612862        30.3621841813139
-90.253769612862        30.3564731813139
-90.258560612862        30.3525931813139
-90.262421612862        30.3491581813139
-90.264955612862        30.3470591813139
-90.268058612862        30.3420031813139
-90.271384612862        30.3393131813139
-90.275053612862        30.3375611813139
-90.275891612862        30.3371601813139
-90.277969612862        30.3374061813139
-90.279505612862        30.3381791813139
-90.280053612862        30.3389361813139
-90.280272612862        30.3397551813139
-90.280746612862        30.3397551813139
-90.280308612862        30.3384001813139
-90.279147767586        30.3374213982249
-90.277809896568        30.3367108290116
-90.276610958310        30.3365154215738
-90.276156207369        30.3359810061672
-90.276051612862        30.3355231813139
-90.276920612862        30.3334961813139
-90.280843612862        30.3283611813139
-90.283586612862        30.3240051813139
-90.284249612862        30.3215171813139
-90.292642612862        30.3175361813139
-90.296026612862        30.3102381813139
-90.299250612862        30.3025831813139
-90.300916612862        30.3004311813139
-90.304831612862        30.2991041813139
-90.306497612862        30.2986351813139
-90.307905612862        30.2983761813139
-90.310073612862        30.2975841813139
-90.311496612862        30.2974061813139
-90.313648612862        30.2976321813139
-90.315330612862        30.2988131813139
-90.317061612862        30.2996061813139
-90.319423612862        30.3004471813139
-90.321494612862        30.3006411813139
-90.323791612862        30.3005121813139
-90.325088612862        30.2992841813139
-90.326105612862        30.2985711813139
-90.327658612862        30.2977781813139
-90.329599612862        30.2975351813139
-90.331815612862        30.2974381813139
-90.333171612862        30.2970141813139
-90.334814612862        30.2967871813139
-90.337049612862        30.2966741813139
-90.338982612862        30.2967911813139
-90.341845612862        30.2973091813139
-90.343528612862        30.2979721813139
-90.345987612862        30.2982961813139
-90.347653612862        30.2983281813139
-90.350323612862        30.2979561813139
-90.353364612862        30.2966941813139
-90.355318612862        30.2955961813139
-90.357651612862        30.2946561813139
-90.360063295347        30.2939291369125
-90.361967799606        30.2929013543717
-90.363931819624        30.2918221711122
-90.366074386916        30.2903575462673
-90.367592038747        30.2891498566985
-90.369317995733        30.2879421522609
-90.370776131806        30.2869143069852
-90.372204510001        30.2864517730976
-90.373573372437        30.2860920230107
-90.374763687600        30.2859378439982
-90.376787223375        30.2859635405171
-90.378164612862        30.2864051813139
-90.379976612862        30.2872301813139
-90.381210612862        30.2876521813139
-90.383632612862        30.2884921813139
-90.385752612862        30.2883461813139
-90.388405612862        30.2875051813139
-90.391301612862        30.2870361813139
-90.394585612862        30.2882491813139
-90.396753612862        30.2897381813139
-90.399837612862        30.2902331813139
-90.402101612862        30.2902121813139
-90.404108612862        30.2905111813139
-90.406543612862        30.2901481813139
-90.409490612862        30.2909591813139
-90.412372612862        30.2915791813139
-90.416430612862        30.2929881813139
-90.423114612862        30.2955291813139
-90.427726612862        30.2984121813139
-90.425044612862        30.3022921813139
-90.423023612862        30.3048661813139
-90.421750612862        30.3069281813139
-90.420657612862        30.3094881813139
-90.419467612862        30.3123941813139
-90.418893612862        30.3144621813139
-90.421351612862        30.3177741813139
-90.427887612862        30.3217941813139
-90.435712612862        30.3248061813139
-90.439089612862        30.3259821813139
-90.457092612862        30.3323761813139
-90.464592612862        30.3352811813139
-90.467899612862        30.3367341813139
-90.471427612862        30.3384571813139
-90.472161612862        30.3424361813139
-90.472286612862        30.3434461813139
-90.472330612862        30.3440111813139
-90.472438612862        30.3457501813139
-90.472528612862        30.3462081813139
-90.472779612862        30.3469251813139
-90.472537612862        30.3494891813139
-90.474402612862        30.3492561813139
-90.475325612862        30.3460551813139
-90.475648612862        30.3458131813139
-90.475854612862        30.3458131813139
-90.477746612862        30.3456611813139
-90.478374612862        30.3455711813139
-90.483993612862        30.3459801813139
-90.486837612862        30.3450461813139
-90.490498612862        30.3439261813139
-90.494651612862        30.3421101813139
-90.511605612862        30.3308891813139
-90.518836612862        30.3258971813139
-90.522607612862        30.3232931813139
-90.536480612862        30.3110601813139
-90.541738612862        30.3060671813139
-90.545310612862        30.3024691813139
-90.551786612862        30.3027831813139
-90.556541612862        30.3026111813139
-90.557060612862        30.3026551813139
-90.558189612862        30.3028561813139
-90.559548612862        30.3024971813139
-90.559942612862        30.3016591813139
-90.560285612862        30.2999751813139
-90.561808612862        30.2985291813139
-90.562233612862        30.2969241813139
-90.562501612862        30.2958331813139
-90.563107612862        30.2949761813139
-90.564100612862        30.2947411813139
-90.565430612862        30.2945521813139
-90.566941612862        30.2943621813139
-90.568229612862        30.2942511813139
-90.569690612862        30.2944711813139
-90.570440612862        30.2952181813139
-90.570769612862        30.2959421813139
-90.571332612862        30.2967101813139
-90.571900612862        30.2973021813139
-90.572570612862        30.2977921813139
-90.573198612862        30.2979501813139
-90.573815612862        30.2980341813139
-90.573815612862        30.2971821813139
-90.572754612862        30.2965431813139
-90.572022612862        30.2960411813139
-90.571551612862        30.2951971813139
-90.570785612862        30.2942821813139
-90.569852612862        30.2937641813139
-90.568899612862        30.2935541813139
-90.567884612862        30.2935191813139
-90.566841612862        30.2937101813139
-90.565710612862        30.2937781813139
-90.565033612862        30.2937091813139
-90.563906612862        30.2936701813139
-90.563186612862        30.2937681813139
-90.562622612862        30.2939231813139
-90.562200449057        30.2941717242372
-90.561869144442        30.2946212522441
-90.561682612862        30.2945611813139
-90.561378612862        30.2944481813139
-90.562019612862        30.2930871813139
-90.563750612862        30.2914341813139
-90.565208612862        30.2895671813139
-90.566809612862        30.2869341813139
-90.572286612862        30.2823531813139
-90.573882612862        30.2803101813139
-90.578458612862        30.2750411813139
-90.581543612862        30.2688231813139
-90.583189612862        30.2618931813139
-90.584149612862        30.2528311813139
-90.584286612862        30.2488621813139
-90.583566612862        30.2454271813139
-90.582194612862        30.2427851813139
-90.579676612862        30.2375881813139
-90.575526612862        30.2301941813139
-90.574196612862        30.2274541813139
-90.574579612862        30.2250971813139
-90.575607612862        30.2195571813139
-90.575969612862        30.2166161813139
-90.580260612862        30.2139161813139
-90.582839612862        30.2121441813139
-90.585821612862        30.2100281813139
-90.588339612862        30.2104111813139
-90.589769612862        30.2108341813139
-90.591320612862        30.2114991813139
-90.592287612862        30.2118821813139
-90.593859612862        30.2125261813139
-90.594926612862        30.2136141813139
-90.595583612862        30.2149051813139
-90.597263612862        30.2162621813139
-90.598248612862        30.2169561813139
-90.599563612862        30.2176191813139
-90.600914612862        30.2180921813139
-90.602849612862        30.2183441813139
-90.604528612862        30.2180921813139
-90.606572612862        30.2173981813139
-90.608361612862        30.2162301813139
-90.607485612862        30.2148421813139
-90.605806612862        30.2159151813139
-90.604528612862        30.2165461813139
-90.602739612862        30.2167671813139
-90.601279612862        30.2166411813139
-90.599855612862        30.2159781813139
-90.598029612862        30.2148421813139
-90.596578612862        30.2129501813139
-90.596317612862        30.2111771813139
-90.596196612862        30.2090411813139
-90.595893612862        30.2070871813139
-90.595374612862        30.2024701813139
-90.594825612862        30.1990321813139
-90.594139612862        30.1961281813139
-90.592326612862        30.1915401813139
